1	garner	Аскарон	1	2202,2782	3,2202,2782	255,255,255
2	magicsea	Магическ. Океан	1	1350,550	3,1350,550	255,255,255
3	darkblue	Великий Синий	1	70,70	3,70,70	255,255,255
4	lonetower	Одинокая башня	0	50,50	3,50,50	255,255,255
5	eastgoaf	Восточный завал	1	50,50	3,50,50	255,255,255
6	secretgarden	Сад Эдель	0	50,50	3,50,50	255,255,255
7	darkswamp	Темная топь	1	50,50	3,50,50	255,255,255
8	abandonedcity	Забытый Город	1	50,50	3,50,50	255,255,255
9	abandonedcity2	Забытый Город 2	1	150,150	3,150,150	255,255,255
10	abandonedcity3	Забытый Город 3	1	150,150	3,150,150	255,255,255
11	puzzleworld	Мир Демонов	1	1,1	3,1,1	255,255,255
12	puzzleworld2	Мир Демонов 2	1	1,1	3,1,1	255,255,255
13	teampk	Арена	0	1,1	3,1,1	255,255,255
14	jialebi	Залив Сокровищ	1	150,150	3,150,150	255,255,255
15	garner2	Серебряный Хаос	1	150,150	3,150,150	255,255,255
16	hell	Чистилище	1	150,150	3,150,150	255,255,255
17	hell2	Утопия	1	150,150	3,150,150	255,255,255
18	hell3	Аид	1	150,150	3,150,150	255,255,255
19	hell4	Врата Отчаяния	1	150,150	3,150,150	255,255,255
20	hell5	Вечный Абаддон	1	150,150	3,150,150	255,255,255
21	guildwar	Священная война	1	150,150	3,150,150	255,255,255
22	leiting2	Мираж Громограда	1	150,150	3,150,150	255,255,255
23	shalan2	Мираж Шайтана	1	150,150	3,150,150	255,255,255
24	binglang2	Мираж Ледыни	1	150,150	3,150,150	255,255,255
25	guildwar2	Мини Священная	1	150,150	3,150,150	255,255,255
26	yschurch	Церковь	1	150,150	3,150,150	255,255,255
27	07xmas	Новогоднее село	1	150,150	3,150,150	255,255,255
28	sdBoss	Новогодняя арена	1	150,150	3,150,150	255,255,255
29	darkhouse	Дом тьмы	1	150,150	3,150,150	255,255,255
30	07xmas2	Снежные Войны	1	150,150	3,150,150	255,255,255
31	pkmap	Арена	1	50,50	3,50,50	255,255,255
32	DreamIsland	Остров Мечты	1	150,150	3,150,150	255,255,255
33	winterland	Остров Зимы	1	202,171	3,202,171	255,255,255
34	mjing1	1-ый край Авроры	1	202,171	3,202,171	255,255,255
35	mjing2	2-ой край Авроры	1	202,171	3,202,171	255,255,255
36	mjing3	1-ый край Тьмы	1	202,171	3,202,171	255,255,255
37	mjing4	2-ой край Тьмы	1	202,171	3,202,171	255,255,255
38	deathcircle	Захват флага	1	50,50	3,50,50	255,255,255
39	darkblue2	Хаос Ледыни	0	150,150	3,150,150	255,255,255
40	bountypk	Арена	1	50,50	3,50,50	255,255,255
41	leteria	Лабиринт песка	1	150,150	3,150,150	255,255,255
42	heilong	Логово БД	1	50,50	3,50,50	255,255,255
43	swordworld	Кристальный	1	2202,2782	3,2202,2782	255,255,255
44	prisonisland	Остров Тюрьмы	1	202,171	3,202,171	255,255,255
45	flois	Лок. новичков	1	150,150	3,150,150	255,255,255
46	greend	Мир обмана	1	150,150	3,150,150	255,255,255
47	bat2bar	Укромное место	1	150,150	3,150,150	255,255,255
