//ID	Name	Model	Propeller 1	Propeller 2	Propeller 3	Propeller 4	Price	Ship Durability Constant	Ship durability recovery constant	Ship defense constant	Ship Resist Constant	Ship Min Attack constant	Average ship maximum attack	Attack range constant	ReLoading time constant	Average Cannon Splash Area	Cargo Capacity Constant	Ship fuel constant	Ship fuel consumption constant	Cannon flight speed constant	Ship movement speed constant	Description (Item level)	Remark
1	Титановый корпус	2000000000	0	0	0	0	31237	4286	0	78	20	0	0	0	0	0	0	200	2	0	0	0	0
2	Серебряный дельфин	2000010000	0	0	0	0	46200	5000	0	89	20	0	0	0	0	0	0	200	3	0	0	0	0
3	Огромная белая акула	2000020000	0	0	0	0	65362	5731	0	100	20	0	0	0	0	0	0	200	3	0	0	0	0
4	Холщовый корпус	2001000000	0	0	0	0	31237	6082	0	127	25	0	0	0	0	0	0	200	2	0	0	0	0
5	Богиня	2001010000	0	0	0	0	46200	7441	0	155	25	0	0	0	0	0	0	200	3	0	0	0	0
6	Титановый корпус	2002000000	0	0	0	0	65362	8945	0	183	25	0	0	0	0	0	0	200	3	0	0	0	0
7	Ковчег	2003000000	0	0	0	0	0	1000	0	20	20	0	0	0	0	0	0	200	2	0	0	0	0
8	Обычный	0	0	0	0	0	720	0	0	0	0	0	0	0	0	0	0	300	0	0	0	0	0
9	Тяжелый	0	0	0	0	0	939	0	0	0	0	0	0	0	0	0	0	330	0	0	0	0	0
10	Особый лук	0	0	0	0	0	1201	0	0	0	0	0	0	0	0	0	0	360	0	0	0	0	0
11	Вострый лук	0	0	0	0	0	1350	0	0	0	0	0	0	0	0	0	0	400	0	0	0	0	0
12	Длинный лук	0	0	0	0	0	1682	0	0	0	0	0	0	0	0	0	0	430	0	0	0	0	0
13	Сталкивающий лук	0	0	0	0	0	2067	0	0	0	0	0	0	0	0	0	0	460	0	0	0	0	0
14	Судовой	0	0	0	0	0	2280	0	0	0	0	0	0	0	0	0	0	1000	0	0	0	0	0
15	Полуавт. весло	0	0	0	0	0	900	0	0	0	0	0	0	0	0	0	0	0	0	0	450	0	0
16	Паровой двигатель	0	0	0	0	0	1331	0	0	0	0	0	0	0	0	0	0	0	0	0	460	0	0
17	Двойной паровой понтон	0	0	0	0	0	1687	0	0	0	0	0	0	0	0	0	0	0	0	0	470	0	0
18	Паровой буй	0	0	0	0	0	2335	0	0	0	0	0	0	0	0	0	0	0	0	0	480	0	0
19	Биоудар 80	0	0	0	0	0	2850	0	0	0	0	0	0	0	0	0	0	0	0	0	490	0	0
20	Биомусор 90	0	0	0	0	0	3758	0	0	0	0	0	0	0	0	0	0	0	0	0	500	0	0
21	Турбо-движитель	2000000002	22	0	0	0	4462	0	0	0	0	0	0	0	0	0	0	0	0	0	530	0	0
22	Движитель демона 01	2000000004	0	0	0	0	0	0	0	0	0	0	0	0	0	0	0	0	0	0	0	0	0
23	Серебряный движитель 01	2000010004	0	0	0	0	0	0	0	0	0	0	0	0	0	0	0	0	0	0	0	0	0
24	Серебряный движитель 02	2000010005	0	0	0	0	0	0	0	0	0	0	0	0	0	0	0	0	0	0	0	0	0
25	Серебряный движитель 03	2000010006	0	0	0	0	0	0	0	0	0	0	0	0	0	0	0	0	0	0	0	0	0
26	Серебряный движитель 04	2000010007	0	0	0	0	0	0	0	0	0	0	0	0	0	0	0	0	0	0	0	0	0
27	Движитель белой акулы 01	2000020004	0	0	0	0	0	0	0	0	0	0	0	0	0	0	0	0	0	0	0	0	0
28	Движитель белой акулы 02	2000020005	0	0	0	0	0	0	0	0	0	0	0	0	0	0	0	0	0	0	0	0	0
29	Реактивный движитель 01	2001000004	0	0	0	0	0	0	0	0	0	0	0	0	0	0	0	0	0	0	0	0	0
30	Реактивный движитель 02	2001000005	0	0	0	0	0	0	0	0	0	0	0	0	0	0	0	0	0	0	0	0	0
31	Реактивный движитель 03	2001000006	0	0	0	0	0	0	0	0	0	0	0	0	0	0	0	0	0	0	0	0	0
32	Движитель богини 01	2001010004	0	0	0	0	0	0	0	0	0	0	0	0	0	0	0	0	0	0	0	0	0
33	Движитель богини 02	2001010005	0	0	0	0	0	0	0	0	0	0	0	0	0	0	0	0	0	0	0	0	0
34	Движитель богини 03	2001010006	0	0	0	0	0	0	0	0	0	0	0	0	0	0	0	0	0	0	0	0	0
35	Движитель богини 04	2001010007	0	0	0	0	0	0	0	0	0	0	0	0	0	0	0	0	0	0	0	0	0
36	Движитель рыбы-меч 01	2002000004	0	0	0	0	0	0	0	0	0	0	0	0	0	0	0	0	0	0	0	0	0
37	Движитель рыбы-меч 02	2002000005	0	0	0	0	0	0	0	0	0	0	0	0	0	0	0	0	0	0	0	0	0
38	Движитель рыбы-меч 03	2002000006	0	0	0	0	0	0	0	0	0	0	0	0	0	0	0	0	0	0	0	0	0
39	Движитель рыбы-меч 04	2002000007	0	0	0	0	0	0	0	0	0	0	0	0	0	0	0	0	0	0	0	0	0
40	Движитель ковчега 01	2003000004	0	0	0	0	0	0	0	0	0	0	0	0	0	0	0	0	0	0	0	0	0
41	Движитель ковчега 02	2003000005	0	0	0	0	0	0	0	0	0	0	0	0	0	0	0	0	0	0	0	0	0
42	Движитель ковчега 03	2003000006	0	0	0	0	0	0	0	0	0	0	0	0	0	0	0	0	0	0	0	0	0
43	Корпус особого тату	2004000000	0	0	0	0	6300	2280	0	46	10	0	0	0	0	0	0	200	1	0	0	0	0
44	Стальной корпус	2004020000	0	0	0	0	11812	2925	0	57	15	0	0	0	0	0	0	200	1	0	0	0	0
45	Биочешуя летучей рыбки	2004010000	0	0	0	0	19950	3595	0	68	20	0	0	0	0	0	0	200	1	0	0	0	0
46	Черный понтон	2004030000	0	0	0	0	6300	2795	0	62	15	0	0	0	0	0	0	200	1	0	0	0	0
47	Двойной понтон	2004050000	0	0	0	0	11812	3766	0	82	20	0	0	0	0	0	0	200	1	0	0	0	0
48	Биочешуя меч-рыбы	2004040000	0	0	0	0	19950	4860	0	88	25	0	0	0	0	0	0	200	1	0	0	0	0
49	Низкоур. лодка 7	2004060000	0	0	0	0	0	0	0	10	10	0	0	0	0	0	0	0	0	0	0	0	0
50	Судно 8	2004070000	0	0	0	0	0	0	0	10	10	0	0	0	0	0	0	0	0	0	0	0	0
51	Судно 9	2004080000	0	0	0	0	0	0	0	10	10	0	0	0	0	0	0	0	0	0	0	0	0
52	Судно 10	2004090000	0	0	0	0	0	0	0	10	10	0	0	0	0	0	0	0	0	0	0	0	0
53	Скорострельная пушка	0	0	0	0	0	1080	0	0	0	0	167	250	0	70	0	0	0	0	0	0	0	0
54	ОСМ 350-мм пушка	0	0	0	0	0	1237	0	0	0	0	185	278	0	73	0	0	0	0	0	0	0	0
55	406-мм пушка	0	0	0	0	0	1598	0	0	0	0	204	307	0	79	0	0	0	0	0	0	0	0
56	500-мм галерная пушка	0	0	0	0	0	2025	0	0	0	0	215	322	0	85	0	0	0	0	0	0	0	0
57	800-мм пушка	0	0	0	0	0	2265	0	0	0	0	235	352	0	88	0	0	0	0	0	0	0	0
58	Титановая пушка	0	0	0	0	0	2802	0	0	0	0	255	383	0	94	0	0	0	0	0	0	0	0
59	Громовая пушка	0	0	0	0	0	3420	0	0	0	0	265	398	0	100	0	0	0	0	0	0	0	0
60	Бронебойная пушка	0	0	0	0	0	3760	0	0	0	0	287	430	0	103	0	0	0	0	0	0	0	0
61	Сдвоенная пушка	0	0	0	0	0	4510	0	0	0	0	307	461	0	109	0	0	0	0	0	0	0	0
62	Бронебойная пушка	0	0	0	0	0	5355	0	0	0	0	318	477	0	115	0	0	0	0	0	0	0	0
63	Пушка 11	0	0	0	0	0	5814	0	0	0	0	340	511	0	118	0	0	0	0	0	0	0	0
64	Пушка 12	0	0	0	0	0	6812	0	0	0	0	362	543	0	124	0	0	0	0	0	0	0	0
65	Пушка 13	0	0	0	0	0	7920	0	0	0	0	373	560	0	130	0	0	0	0	0	0	0	0
66	Пушка 14	0	0	0	0	0	8516	0	0	0	0	396	594	0	100	0	0	0	0	0	0	0	0
67	Пушка 15	0	0	0	0	0	9798	0	0	0	0	419	629	0	139	0	0	0	0	0	0	0	0
68	Пушка 16	0	0	0	0	0	11205	0	0	0	0	430	646	0	145	0	0	0	0	0	0	0	0
69	Пушка 17	0	0	0	0	0	11956	0	0	0	0	455	682	0	148	0	0	0	0	0	0	0	0
70	Пушка 18	0	0	0	0	0	13559	0	0	0	0	478	717	0	154	0	0	0	0	0	0	0	0
71	Счетверенная пушка	0	0	0	0	0	1080	0	0	0	0	138	207	0	70	0	0	0	0	0	0	0	0
72	Бронебойная пушка	0	0	0	0	0	1237	0	0	0	0	151	227	0	73	0	0	0	0	0	0	0	0
73	Рыболовная сеть	0	0	0	0	0	990	0	0	0	0	0	0	0	0	0	0	0	0	0	0	0	0
74	Механическая рука	0	0	0	0	0	1134	0	0	0	0	0	0	0	0	0	0	0	0	0	0	0	0
75	Легкий доспех	0	0	0	0	0	1292	0	0	0	0	0	0	0	0	0	0	0	0	0	0	0	0
76	Составной доспех	0	0	0	0	0	1464	0	0	0	0	0	0	0	0	0	0	0	0	0	0	0	0
77	Деталь 5	0	0	0	0	0	1652	0	0	0	0	0	0	0	0	0	0	0	0	0	0	0	0
78	Деталь 6	0	0	0	0	0	1856	0	0	0	0	0	0	0	0	0	0	0	0	0	0	0	0
79	Деталь 7	0	0	0	0	0	2076	0	0	0	0	0	0	0	0	0	0	0	0	0	0	0	0
80	Деталь 8	0	0	0	0	0	2313	0	0	0	0	0	0	0	0	0	0	0	0	0	0	0	0
81	Деталь 9	0	0	0	0	0	2568	0	0	0	0	0	0	0	0	0	0	0	0	0	0	0	0
82	Деталь 10	0	0	0	0	0	2842	0	0	0	0	0	0	0	0	0	0	0	0	0	0	0	0
83	Деталь 11	0	0	0	0	0	3135	0	0	0	0	0	0	0	0	0	0	0	0	0	0	0	0
84	Деталь 12	0	0	0	0	0	3447	0	0	0	0	0	0	0	0	0	0	0	0	0	0	0	0
85	Деталь 13	0	0	0	0	0	3780	0	0	0	0	0	0	0	0	0	0	0	0	0	0	0	0
86	Деталь 14	0	0	0	0	0	4134	0	0	0	0	0	0	0	0	0	0	0	0	0	0	0	0
87	Деталь 15	0	0	0	0	0	4510	0	0	0	0	0	0	0	0	0	0	0	0	0	0	0	0
88	Деталь 16	0	0	0	0	0	4908	0	0	0	0	0	0	0	0	0	0	0	0	0	0	0	0
89	Деталь 17	0	0	0	0	0	5330	0	0	0	0	0	0	0	0	0	0	0	0	0	0	0	0
90	Деталь 18	0	0	0	0	0	5775	0	0	0	0	0	0	0	0	0	0	0	0	0	0	0	0
91	Деталь 19	0	0	0	0	0	6244	0	0	0	0	0	0	0	0	0	0	0	0	0	0	0	0
92	Деталь 20	0	0	0	0	0	6739	0	0	0	0	0	0	0	0	0	0	0	0	0	0	0	0
93	Нос низкоуровневой лодки 1	0	0	0	0	0	0	0	0	0	0	0	0	0	0	0	0	0	0	0	0	0	0
94	Нос низкоуровневой лодки 2	0	0	0	0	0	0	0	0	0	0	0	0	0	0	0	0	0	0	0	0	0	0
95	Нос низкоуровневой лодки 3	0	0	0	0	0	0	0	0	0	0	0	0	0	0	0	0	0	0	0	0	0	0
96	Нос низкоуровневой лодки 4	0	0	0	0	0	0	0	0	0	0	0	0	0	0	0	0	0	0	0	0	0	0
97	Судовой лук 5	0	0	0	0	0	0	0	0	0	0	0	0	0	0	0	0	0	0	0	0	0	0
98	Судовой лук 6	0	0	0	0	0	0	0	0	0	0	0	0	0	0	0	0	0	0	0	0	0	0
99	Судовой лук 7	0	0	0	0	0	0	0	0	0	0	0	0	0	0	0	0	0	0	0	0	0	0
100	Нос судна 8	0	0	0	0	0	0	0	0	0	0	0	0	0	0	0	0	0	0	0	0	0	0
101	Нос 9 Судна	0	0	0	0	0	0	0	0	0	0	0	0	0	0	0	0	0	0	0	0	0	0
102	Судно 10 нос	0	0	0	0	0	0	0	0	0	0	0	0	0	0	0	0	0	0	0	0	0	0
103	Мобильность низкоуровневой лодки 1	0	0	0	0	0	0	0	0	0	0	0	0	0	0	0	0	0	0	0	0	0	0
104	Мобильность низкоуровневой лодки 2	0	0	0	0	0	0	0	0	0	0	0	0	0	0	0	0	0	0	0	0	0	0
105	Мобильность низкоуровневой лодки 3	0	0	0	0	0	0	0	0	0	0	0	0	0	0	0	0	0	0	0	0	0	0
106	Мобильность низкоуровневой лодки 4	0	0	0	0	0	0	0	0	0	0	0	0	0	0	0	0	0	0	0	0	0	0
107	Мобильность низкоуровневой лодки 5	0	0	0	0	0	0	0	0	0	0	0	0	0	0	0	0	0	0	0	0	0	0
108	Мобильность низкоуровневой лодки 6	0	0	0	0	0	0	0	0	0	0	0	0	0	0	0	0	0	0	0	0	0	0
109	Мобильность низкоуровневой лодки 7	0	0	0	0	0	0	0	0	0	0	0	0	0	0	0	0	0	0	0	0	0	0
110	Мобильность низкоуровневой лодки 8	0	0	0	0	0	0	0	0	0	0	0	0	0	0	0	0	0	0	0	0	0	0
111	Подвижность судна 9	0	0	0	0	0	0	0	0	0	0	0	0	0	0	0	0	0	0	0	0	0	0
112	Двигатель 10 Судна	0	0	0	0	0	0	0	0	0	0	0	0	0	0	0	0	0	0	0	0	0	0
113	Усовершенствованный лук	0	0	0	0	0	2749	0	0	0	0	0	0	0	0	0	0	1000	0	0	0	0	0
114	Лук наивысшего качества	0	0	0	0	0	3280	0	0	0	0	0	0	0	0	0	0	1100	0	0	0	0	0
115	Сталкивающий лук	2000000001	0	0	0	0	3570	0	0	0	0	0	0	0	0	0	0	1200	0	0	0	0	0
116	Лук 11	2000000001	0	0	0	0	4200	0	0	0	0	0	0	0	0	0	0	1200	0	0	0	0	0
117	Лук 12	2000000001	0	0	0	0	4901	0	0	0	0	0	0	0	0	0	0	1200	0	0	0	0	0
118	Лук 13	2000010001	0	0	0	0	5280	0	0	0	0	0	0	0	0	0	0	2100	0	0	0	0	0
119	Лук 14	2000010001	0	0	0	0	6095	0	0	0	0	0	0	0	0	0	0	2100	0	0	0	0	0
120	Лук 15	2000010001	0	0	0	0	6990	0	0	0	0	0	0	0	0	0	0	2100	0	0	0	0	0
121	Лук 16	2000020001	0	0	0	0	7470	0	0	0	0	0	0	0	0	0	0	2100	0	0	0	0	0
122	Лук 17	2000020001	0	0	0	0	8493	0	0	0	0	0	0	0	0	0	0	2100	0	0	0	0	0
123	Лук 18	2000020001	0	0	0	0	9607	0	0	0	0	0	0	0	0	0	0	2100	0	0	0	0	0
124	Маленький лук	0	0	0	0	0	720	0	0	0	0	0	0	0	0	0	0	300	0	0	0	0	0
125	Средний лук	0	0	0	0	0	939	0	0	0	0	0	0	0	0	0	0	330	0	0	0	0	0
126	Большой лук	0	0	0	0	0	1201	0	0	0	0	0	0	0	0	0	0	360	0	0	0	0	0
127	Легкий военный	0	0	0	0	0	1350	0	0	0	0	0	0	0	0	0	0	400	0	0	0	0	0
128	Средний флотский	0	0	0	0	0	1682	0	0	0	0	0	0	0	0	0	0	430	0	0	0	0	0
129	Флотский 	0	0	0	0	0	2067	0	0	0	0	0	0	0	0	0	0	460	0	0	0	0	0
130	Легкий корабельный	0	0	0	0	0	2280	0	0	0	0	0	0	0	0	0	0	1000	0	0	0	0	0
131	Средний галерный	0	0	0	0	0	2749	0	0	0	0	0	0	0	0	0	0	1060	0	0	0	0	0
132	Галерный	0	0	0	0	0	3280	0	0	0	0	0	0	0	0	0	0	1130	0	0	0	0	0
133	Бритвенный 	2001000001	0	0	0	0	3570	0	0	0	0	0	0	0	0	0	0	1200	0	0	0	0	0
134	Лук 29	2001000001	0	0	0	0	4200	0	0	0	0	0	0	0	0	0	0	1200	0	0	0	0	0
135	Лук 30	2001000001	0	0	0	0	4901	0	0	0	0	0	0	0	0	0	0	1200	0	0	0	0	0
136	Лук 31	2001010001	0	0	0	0	5280	0	0	0	0	0	0	0	0	0	0	2100	0	0	0	0	0
137	Лук 32	2001010001	0	0	0	0	6095	0	0	0	0	0	0	0	0	0	0	2100	0	0	0	0	0
138	Лук 33	2001010001	0	0	0	0	6990	0	0	0	0	0	0	0	0	0	0	2100	0	0	0	0	0
139	Одиночная треугольная загородка	2002000001	0	0	0	0	7470	0	0	0	0	0	0	0	0	0	0	2100	0	0	0	0	0
140	Лук 35	2002000001	0	0	0	0	8493	0	0	0	0	0	0	0	0	0	0	2100	0	0	0	0	0
141	Лук 36	2002000001	0	0	0	0	9607	0	0	0	0	0	0	0	0	0	0	2100	0	0	0	0	0
142	Устройство 8	2000000002	22	0	0	0	5677	0	0	0	0	0	0	0	0	0	0	0	0	0	535	0	0
143	Устройство 9	2000010002	23	24	25	26	6600	0	0	0	0	0	0	0	0	0	0	0	0	0	540	0	0
144	Двигатель 10	2000010002	23	24	25	26	7618	0	0	0	0	0	0	0	0	0	0	0	0	0	545	0	0
145	Устройство 11	2000020002	27	28	0	0	9337	0	0	0	0	0	0	0	0	0	0	0	0	0	550	0	0
146	Биопонтон 10	0	0	0	0	0	900	0	0	0	0	0	0	0	0	0	0	0	0	0	450	0	0
147	Био буй  - тип 20	0	0	0	0	0	1331	0	0	0	0	0	0	0	0	0	0	0	0	0	455	0	0
148	Скоростной парус	0	0	0	0	0	1687	0	0	0	0	0	0	0	0	0	0	0	0	0	450	0	0
149	Тихоходный парусник	0	0	0	0	0	2335	0	0	0	0	0	0	0	0	0	0	0	0	0	455	0	0
150	Биоудар 100	0	0	0	0	0	2850	0	0	0	0	0	0	0	0	0	0	0	0	0	450	0	0
151	Биомусор 110	0	0	0	0	0	3758	0	0	0	0	0	0	0	0	0	0	0	0	0	460	0	0
152	Сдвоенная гидросистема	2001000002	29	30	31	0	4462	0	0	0	0	0	0	0	0	0	0	0	0	0	555	0	0
153	Устройство 19	2001000002	29	30	31	0	5677	0	0	0	0	0	0	0	0	0	0	0	0	0	560	0	0
154	Двигатель 20	2001010002	32	33	34	35	6600	0	0	0	0	0	0	0	0	0	0	0	0	0	565	0	0
155	Двигатель 21	2001010002	32	33	34	35	7618	0	0	0	0	0	0	0	0	0	0	0	0	0	570	0	0
156	Грибной винт	2002000002	36	37	38	39	9337	0	0	0	0	0	0	0	0	0	0	0	0	0	575	0	0
157	ОСМ Осколочная пушка 	0	0	0	0	0	1598	0	0	0	0	164	246	0	79	0	0	0	0	0	0	0	0
158	Сдвоенная пушка	0	0	0	0	0	2025	0	0	0	0	170	256	0	85	0	0	0	0	0	0	0	0
159	Счетверенная пушка	0	0	0	0	0	2265	0	0	0	0	183	275	0	88	0	0	0	0	0	0	0	0
160	Плавящая пушка	0	0	0	0	0	2802	0	0	0	0	196	294	0	94	0	0	0	0	0	0	0	0
161	Бронебойная пушка	0	0	0	0	0	3420	0	0	0	0	202	303	0	100	0	0	0	0	0	0	0	0
162	Эсминец	0	0	0	0	0	3760	0	0	0	0	215	322	0	103	0	0	0	0	0	0	0	0
163	Поглотитель	0	0	0	0	0	4510	0	0	0	0	227	341	0	109	0	0	0	0	0	0	0	0
164	ОСМ Осколочная пушка 	0	0	0	0	0	5355	0	0	0	0	233	349	0	115	0	0	0	0	0	0	0	0
165	Пушка 29	0	0	0	0	0	5814	0	0	0	0	246	369	0	118	0	0	0	0	0	0	0	0
166	Выстрел из пушки 30	0	0	0	0	0	6812	0	0	0	0	257	386	0	124	0	0	0	0	0	0	0	0
167	Пушка 31	0	0	0	0	0	7920	0	0	0	0	264	396	0	130	0	0	0	0	0	0	0	0
168	Пушка 32	0	0	0	0	0	8516	0	0	0	0	276	415	0	100	0	0	0	0	0	0	0	0
169	Пушка 33	0	0	0	0	0	9798	0	0	0	0	288	432	0	139	0	0	0	0	0	0	0	0
170	500-мм галерная пушка	0	0	0	0	0	11205	0	0	0	0	294	441	0	145	0	0	0	0	0	0	0	0
171	Пушка 35	0	0	0	0	0	11956	0	0	0	0	306	459	0	148	0	0	0	0	0	0	0	0
172	Пушка 36	0	0	0	0	0	13559	0	0	0	0	318	478	0	154	0	0	0	0	0	0	0	0
173	Деталь 21	0	0	0	0	0	7260	0	0	0	0	0	0	0	0	0	0	0	0	0	0	0	0
174	Деталь 22	0	0	0	0	0	7806	0	0	0	0	0	0	0	0	0	0	0	0	0	0	0	0
175	Деталь 23	0	0	0	0	0	8380	0	0	0	0	0	0	0	0	0	0	0	0	0	0	0	0
176	Деталь 24	0	0	0	0	0	8982	0	0	0	0	0	0	0	0	0	0	0	0	0	0	0	0
177	Деталь 25	0	0	0	0	0	9612	0	0	0	0	0	0	0	0	0	0	0	0	0	0	0	0
178	Деталь 26	0	0	0	0	0	10271	0	0	0	0	0	0	0	0	0	0	0	0	0	0	0	0
179	Деталь 27	0	0	0	0	0	10959	0	0	0	0	0	0	0	0	0	0	0	0	0	0	0	0
180	Деталь 28	0	0	0	0	0	11679	0	0	0	0	0	0	0	0	0	0	0	0	0	0	0	0
181	Деталь 29	0	0	0	0	0	12429	0	0	0	0	0	0	0	0	0	0	0	0	0	0	0	0
182	Деталь 30	0	0	0	0	0	13210	0	0	0	0	0	0	0	0	0	0	0	0	0	0	0	0
183	Деталь 31	0	0	0	0	0	990	0	0	0	0	0	0	0	0	0	0	0	0	0	0	0	0
184	Деталь 32	0	0	0	0	0	1134	0	0	0	0	0	0	0	0	0	0	0	0	0	0	0	0
185	Деталь 33	0	0	0	0	0	1292	0	0	0	0	0	0	0	0	0	0	0	0	0	0	0	0
186	Деталь 34	0	0	0	0	0	1464	0	0	0	0	0	0	0	0	0	0	0	0	0	0	0	0
187	Деталь 35	0	0	0	0	0	1652	0	0	0	0	0	0	0	0	0	0	0	0	0	0	0	0
188	Деталь 36	0	0	0	0	0	1856	0	0	0	0	0	0	0	0	0	0	0	0	0	0	0	0
189	Деталь 37	0	0	0	0	0	2076	0	0	0	0	0	0	0	0	0	0	0	0	0	0	0	0
190	Деталь 38	0	0	0	0	0	2313	0	0	0	0	0	0	0	0	0	0	0	0	0	0	0	0
191	Деталь 39	0	0	0	0	0	2568	0	0	0	0	0	0	0	0	0	0	0	0	0	0	0	0
192	Деталь 40	0	0	0	0	0	2842	0	0	0	0	0	0	0	0	0	0	0	0	0	0	0	0
193	Деталь 41	0	0	0	0	0	3135	0	0	0	0	0	0	0	0	0	0	0	0	0	0	0	0
194	Деталь 42	0	0	0	0	0	3447	0	0	0	0	0	0	0	0	0	0	0	0	0	0	0	0
195	Деталь 43	0	0	0	0	0	3780	0	0	0	0	0	0	0	0	0	0	0	0	0	0	0	0
196	Деталь 44	0	0	0	0	0	4134	0	0	0	0	0	0	0	0	0	0	0	0	0	0	0	0
197	Деталь 45	0	0	0	0	0	4510	0	0	0	0	0	0	0	0	0	0	0	0	0	0	0	0
198	Деталь 46	0	0	0	0	0	4908	0	0	0	0	0	0	0	0	0	0	0	0	0	0	0	0
199	Деталь 47	0	0	0	0	0	5330	0	0	0	0	0	0	0	0	0	0	0	0	0	0	0	0
200	Деталь 48	0	0	0	0	0	5775	0	0	0	0	0	0	0	0	0	0	0	0	0	0	0	0
201	Деталь 49	0	0	0	0	0	6244	0	0	0	0	0	0	0	0	0	0	0	0	0	0	0	0
202	Деталь 50	0	0	0	0	0	6739	0	0	0	0	0	0	0	0	0	0	0	0	0	0	0	0
203	Деталь 51	0	0	0	0	0	7260	0	0	0	0	0	0	0	0	0	0	0	0	0	0	0	0
204	Деталь 52	0	0	0	0	0	7806	0	0	0	0	0	0	0	0	0	0	0	0	0	0	0	0
205	Деталь 53	0	0	0	0	0	8380	0	0	0	0	0	0	0	0	0	0	0	0	0	0	0	0
206	Деталь 54	0	0	0	0	0	8982	0	0	0	0	0	0	0	0	0	0	0	0	0	0	0	0
207	Деталь 55	0	0	0	0	0	9612	0	0	0	0	0	0	0	0	0	0	0	0	0	0	0	0
208	Деталь 56	0	0	0	0	0	10271	0	0	0	0	0	0	0	0	0	0	0	0	0	0	0	0
209	Деталь 57	0	0	0	0	0	10959	0	0	0	0	0	0	0	0	0	0	0	0	0	0	0	0
210	Деталь 58	0	0	0	0	0	11679	0	0	0	0	0	0	0	0	0	0	0	0	0	0	0	0
211	Деталь 59	0	0	0	0	0	12429	0	0	0	0	0	0	0	0	0	0	0	0	0	0	0	0
212	Деталь 60	0	0	0	0	0	13210	0	0	0	0	0	0	0	0	0	0	0	0	0	0	0	0
