1	garner	Аскарон	1	150,150	3,150,150	255,255,255
2	hell	Чистилище	0	1350,550	3,1350,550	255,255,255
3	hell5	Вечный Абаддон	0	1350,550	3,1350,550	255,255,255
4	jialebi	Тайная пиратская	1	150,150	3,150,150	255,255,255
5	bosshotel	bosshotel	1	70,70	3,70,70	255,255,255
6	abandonedcity	Забытый Город	0	50,50	3,50,50	255,255,255
7	eastgoaf	Восточный завал	1	50,50	3,50,50	255,255,255
8	darkswamp	Темная топь	0	50,50	3,50,50	255,255,255
9	garner2	Серебряный Хаос	0	1350,550	3,1350,550	255,255,255
10	leiting2	Мираж Громограда	1	1350,550	3,1350,550	255,255,255
11	shalan2	Мираж Шайтана	1	1350,550	3,1350,550	255,255,255
12	binglang2	Мираж Ледыни	1	1350,550	3,1350,550	255,255,255
13	lonetower	Одинокая башня	0	50,50	3,50,50	255,255,255
14	maskofdeath	maskofdeath	0	50,43	3,1350,550	255,255,255
15	puzzleworld	Мир Демонов	0	1,1	3,1,1	255,255,255
16	crescent	Остров Полумесяца	1	50,50	3,50,50	255,255,255
17	necropolis	Кладбище	1	1,1	3,1,1	255,255,255
18	basement	Подвал	1	50,50	3,50,50	255,255,255
19	Labyrint	Лабиринт	1	50,50	3,50,50	255,255,255
20	SubWorld	Второй мир	1	50,50	3,50,50	255,255,255
21	timeline	Временной прорыв	1	50,50	3,50,50	255,255,255
22	VolcanoIsle	Остров Вуклана	1	50,50	3,50,50	255,255,255
23	zephyr	Остров Зефира	1	50,50	3,50,50	255,255,255
24	mjing1	1-ый край Авроры	0	202,171	3,202,171	255,255,255
25	mjing2	2-ой край Авроры	0	202,171	3,202,171	255,255,255
26	mjing3	1-ый край Тьмы	0	202,171	3,202,171	255,255,255
27	mjing4	2-ой край Тьмы	0	202,171	3,202,171	255,255,255